0 1
8 1
11 1
13 1
14 3
15 3
16 1
18 1
19 1
20 4
21 2
23 2
24 2
25 1
26 2
27 2
28 1
29 3
30 4
31 5
33 1
34 4
35 2
36 4
37 3
38 7
39 7
40 7
41 4
42 9
43 7
44 7
45 14
46 16
47 13
48 13
49 10
50 11
51 13
52 15
53 13
54 11
55 13
56 10
57 31
58 18
59 18
60 10
61 19
62 22
63 15
64 17
65 23
66 27
67 18
68 24
69 28
70 27
71 25
72 23
73 31
74 30
75 37
76 28
77 41
78 37
79 29
80 40
81 38
82 37
83 55
84 47
85 40
86 57
87 71
88 85
89 99
90 83
91 92
92 110
93 83
94 93
95 97
96 100
97 94
98 101
99 114
100 112
101 127
102 127
103 147
104 174
105 202
106 234
107 260
108 281
109 258
110 256
111 240
112 228
113 184
114 232
115 213
116 194
117 176
118 177
119 174
120 169
121 160
122 124
123 128
124 112
125 129
126 120
127 98
128 95
129 118
130 102
131 128
132 114
133 112
134 135
135 167
136 180
137 293
138 433
139 502
140 762
141 932
142 1023
143 978
144 827
145 735
146 622
147 558
148 519
149 519
150 504
151 484
152 536
153 458
154 499
155 437
156 373
157 371
158 369
159 420
160 394
161 321
162 226
163 108
164 38
165 28
166 34
167 17
168 21
169 13
170 17
171 11
172 4
173 2
181 5
182 2
183 2
184 3
185 3
186 10
187 17
188 28
189 32
190 44
191 30
192 8
211 23
212 94
213 3
214 1
215 1
217 9
218 100
219 82
220 119
221 42
222 16
223 18
224 11
225 8
226 5
227 8
228 8
229 4
230 1
255 761
