29 1
32 1
34 1
43 5
44 3
45 3
46 1
47 5
48 3
49 4
50 2
51 1
52 9
53 2
54 3
55 5
56 6
57 6
58 3
59 3
60 6
61 1
62 5
63 8
64 11
65 4
66 10
67 14
68 5
69 8
70 6
71 13
72 11
73 12
74 13
75 14
76 13
77 13
78 8
79 10
80 16
81 18
82 26
83 34
84 28
85 26
86 35
87 34
88 28
89 30
90 32
91 32
92 37
93 33
94 32
95 37
96 36
97 52
98 35
99 72
100 70
101 88
102 110
103 86
104 122
105 118
106 85
107 62
108 50
109 55
110 36
111 53
112 49
113 58
114 54
115 48
116 55
117 71
118 59
119 83
120 64
121 89
122 85
123 94
124 108
125 98
126 87
127 99
128 103
129 114
130 161
131 238
132 285
133 375
134 420
135 463
136 570
137 828
138 914
139 991
140 924
141 811
142 714
143 584
144 528
145 462
146 532
147 587
148 627
149 661
150 634
151 560
152 489
153 449
154 468
155 503
156 511
157 503
158 427
159 382
160 342
161 255
162 199
163 210
164 183
165 162
166 168
167 135
168 156
169 148
170 159
171 145
172 141
173 113
174 79
175 72
176 60
177 52
178 43
179 50
180 29
181 31
182 26
183 26
184 25
185 25
186 36
187 38
188 36
189 25
190 38
191 34
192 2
193 3
194 1
195 2
211 13
212 103
213 4
214 1
215 1
216 6
217 27
218 104
219 66
220 118
221 57
222 25
223 8
224 4
225 6
226 8
227 2
255 761
