40 1
41 1
45 3
47 1
48 2
49 4
50 1
51 3
52 3
53 2
54 2
55 2
56 2
57 5
58 3
59 3
60 3
61 3
62 3
63 2
64 1
65 6
66 6
67 7
68 7
69 12
70 3
71 8
72 7
73 7
74 6
75 7
76 8
77 11
78 10
79 16
80 8
81 9
82 24
83 15
84 22
85 21
86 29
87 22
88 25
89 28
90 21
91 26
92 31
93 27
94 39
95 44
96 55
97 74
98 72
99 86
100 79
101 79
102 86
103 97
104 104
105 63
106 42
107 36
108 52
109 45
110 55
111 45
112 46
113 39
114 45
115 52
116 64
117 69
118 73
119 70
120 78
121 70
122 73
123 66
124 64
125 80
126 78
127 89
128 128
129 197
130 224
131 275
132 374
133 418
134 554
135 691
136 924
137 928
138 843
139 732
140 688
141 580
142 545
143 540
144 612
145 615
146 607
147 538
148 525
149 468
150 413
151 374
152 356
153 325
154 327
155 301
156 263
157 212
158 174
159 97
160 62
161 46
162 32
163 31
164 37
165 32
166 28
167 33
168 27
169 26
170 32
171 21
172 15
173 24
174 21
175 35
176 27
177 22
178 29
179 21
180 22
181 34
182 21
183 27
184 41
185 57
186 63
187 66
188 62
189 73
190 74
191 61
192 56
193 80
194 79
195 69
196 64
197 77
198 80
199 78
200 92
201 101
202 128
203 120
204 132
205 147
206 145
207 158
208 141
209 98
210 84
211 115
212 130
213 101
214 106
215 94
216 96
217 111
218 182
219 129
220 185
221 139
222 110
223 97
224 111
225 99
226 126
227 105
228 107
229 80
230 98
231 88
232 74
233 88
234 72
235 86
236 66
237 52
238 52
239 40
240 22
241 17
242 10
243 14
244 8
245 1
246 1
248 1
250 1
255 761
